0 0.47023911430691084 0.00808080808080808 0.25262036561471585 0.00404040404040404 0.2419676995948182 0.21616161616161617 0.46415187658125506 0.2202020202020202
0 0.4793699708953946 0.00202020202020202 0.47023911430691084 0.2202020202020202 0.7380775742357664 0.22626262626262628 0.744164811961422 0.006060606060606061
0 0.3865395955791435 0.32525252525252524 0.2510985561833019 0.3222222222222222 0.24653312788906007 0.4737373737373737 0.37893054842207374 0.4717171717171717
0 0.3911050238733854 0.32626262626262625 0.5615476801917479 0.32929292929292936 0.5463295858776084 0.48080808080808085 0.38349597671631563 0.48282828282828283
0 0.5737221556430595 0.3222222222222222 0.5706785367802316 0.48282828282828283 0.7228594799216268 0.48282828282828283 0.7228594799216268 0.32929292929292925
0 0.7228594799216268 0.5737373737373738 0.5737221556430595 0.5767676767676768 0.5798093933687154 0.7282828282828284 0.7228594799216268 0.7252525252525253
0 0.5645912990545758 0.5696969696969697 0.41241035591318076 0.5777777777777777 0.41088854648176676 0.7262626262626263 0.5737221556430595 0.7262626262626263
0 0.404801308756111 0.5696969696969697 0.26936026936026936 0.5686868686868687 0.26479484106602746 0.7212121212121212 0.4017576898932831 0.7212121212121212
0 0.7685137628640453 0.7797979797979798 0.5995929159770967 0.7757575757575758 0.5843748216629572 0.9575757575757575 0.7746010005897009 0.9555555555555556
0 0.5843748216629572 0.7848484848484848 0.4580646388555993 0.7848484848484848 0.4626300671498412 0.9515151515151515 0.5798093933687154 0.9555555555555556
0 0.44893378226711556 0.8404040404040404 0.2267496052806787 0.8393939393939394 0.2221841769864369 0.9535353535353537 0.44893378226711556 0.9575757575757575
