0 0.14303359683794467 0.11212121212121212 0.15256916996047432 0.30909090909090914 0.2691150636802811 0.3060606060606061 0.26593653930610456 0.11818181818181821
0 0.3337450592885376 0.09696969696969698 0.3337450592885376 0.30909090909090914 0.4714811155028547 0.31212121212121213 0.4736001317523057 0.10202020202020204
0 0.5477657004830918 0.10202020202020204 0.5477657004830918 0.30909090909090914 0.6886802810715855 0.31010101010101015 0.6886802810715855 0.098989898989899
0 0.751191260430391 0.10404040404040407 0.7490722441809399 0.3070707070707071 0.886808300395257 0.31010101010101015 0.8910463328941591 0.10505050505050505
0 0.5763724198506808 0.40808080808080816 0.42804128238910855 0.4050505050505051 0.4259222661396575 0.6141414141414142 0.5742534036012298 0.6171717171717173
0 0.3305665349143611 0.4202020202020202 0.20236605182257356 0.4161616161616163 0.20130654369784806 0.6090909090909091 0.3295070267896355 0.6181818181818183
0 0.6823232323232324 0.42323232323232335 0.679144707949056 0.6070707070707071 0.8158212560386474 0.6090909090909091 0.8126427316644709 0.42323232323232335
0 0.31891194554238034 0.7141414141414143 0.17481884057971014 0.7060606060606063 0.1705808080808081 0.9333333333333335 0.31891194554238034 0.9323232323232324
0 0.4651240667545016 0.7333333333333334 0.45982652613087394 0.9252525252525252 0.5954435660957401 0.9202020202020204 0.5943840579710146 0.7303030303030303
0 0.7066919191919193 0.7363636363636364 0.7088109354413703 0.9202020202020204 0.8327733860342557 0.9181818181818183 0.8317138779095302 0.7333333333333334
